0 0
195601 93.2
195602 96
195603 95.2
195604 77.1
195605 70.9
195606 64.8
195607 70.1
195608 77.3
195609 79.5
195610 100.6
195611 100.7
195612 107.1
195701 95.9
195702 82.8
195703 83.3
195704 80
195705 80.4
195706 67.5
195707 75.7
195708 71.1
195709 89.3
195710 101.1
195711 105.2
195712 114.1
195801 96.3
195802 84.4
195803 91.2
195804 81.9
195805 80.5
195806 70.4
195807 74.8
195808 75.9
195809 86.3
195810 98.7
195811 100.9
195812 113.8
195901 89.8
195902 84.4
195903 87.2
195904 85.6
195905 72
195906 69.2
195907 77.5
195908 78.1
195909 94.3
195910 97.7
195911 100.2
195912 116.4
196001 97.1
196002 93
196003 96
196004 80.5
196005 76.1
196006 69.9
196007 73.6
196008 92.6
196009 94.2
196010 93.5
196011 108.5
196012 109.4
196101 105.1
196102 92.5
196103 97.1
196104 81.4
196105 79.1
196106 72.1
196107 78.7
196108 87.1
196109 91.4
196110 109.9
196111 116.3
196112 113
196201 100
196202 84.8
196203 94.3
196204 87.1
196205 90.3
196206 72.4
196207 84.9
196208 92.7
196209 92.2
196210 114.9
196211 112.5
196212 118.3
196301 106
196302 91.2
196303 96.6
196304 96.3
196305 88.2
196306 70.2
196307 86.5
196308 88.2
196309 102.8
196310 119.1
196311 119.2
196312 125.1
196401 106.1
196402 102.1
196403 105.2
196404 101
196405 84.3
196406 87.5
196407 92.7
196408 94.4
196409 113
196410 113.9
196411 122.9
196412 132.7
196501 106.9
196502 96.6
196503 127.3
196504 98.2
196505 100.2
196506 89.4
196507 95.3
196508 104.2
196509 106.4
196510 116.2
196511 135.9
196512 134
196601 104.6
196602 107.1
196603 123.5
196604 98.8
196605 98.6
196606 90.6
196607 89.1
196608 105.2
196609 114
196610 122.1
196611 138
196612 142.2
196701 116.4
196702 112.6
196703 123.8
196704 103.6
196705 113.9
196706 98.6
196707 95
196708 116
196709 113.9
196710 127.5
196711 131.4
196712 145.9
196801 131.5
196802 131
196803 130.5
196804 118.9
196805 114.3
196806 85.7
196807 104.6
196808 105.1
196809 117.3
196810 142.5
196811 140
196812 159.8
196901 131.2
196902 125.4
196903 126.5
196904 119.4
196905 113.5
196906 98.7
196907 114.5
196908 113.8
196909 133.1
196910 143.4
196911 137.3
196912 165.2
197001 126.9
197002 124
197003 135.7
197004 130
197005 109.4
197006 117.8
197007 120.3
197008 121
197009 132.3
197010 142.9
197011 147.4
197012 175.9
197101 132.6
197102 123.7
197103 153.3
197104 134
197105 119.6
197106 116.2
197107 118.6
197108 130.7
197109 129.3
197110 144.4
197111 163.2
197112 179.4
197201 128.1
197202 138.4
197203 152.7
197204 120
197205 140.5
197206 116.2
197207 121.4
197208 127.8
197209 143.6
197210 157.6
197211 166.2
197212 182.3
197301 153.1
197302 147.6
197303 157.7
197304 137.2
197305 151.5
197306 98.7
197307 145.8
197308 151.7
197309 129.4
197310 174.1
197311 197
197312 193.9
197401 164.1
197402 142.8
197403 157.9
197404 159.2
197405 162.2
197406 123.1
197407 130
197408 150.1
197409 169.4
197410 179.7
197411 182.1
197412 194.3
197501 161.4
197502 169.4
197503 168.8
197504 158.1
197505 158.5
197506 135.3
197507 149.3
197508 143.4
197509 142.2
197510 188.4
197511 166.2
197512 199.2
197601 182.7
197602 145.2
197603 182.1
197604 158.7
197605 141.6
197606 132.6
197607 139.6
197608 147
197609 166.6
197610 157
197611 180.4
197612 210.2
197701 159.8
197702 157.8
197703 168.2
197704 158.4
197705 152
197706 142.2
197707 137.2
197708 152.6
197709 166.8
197710 165.6
197711 198.6
197712 201.5
197801 170.7
197802 164.4
197803 179.7
197804 157
197805 168
197806 139.3
197807 138.6
197808 153.4
197809 138.9
197810 172.1
197811 198.4
197812 217.8
197901 173.7
197902 153.8
197903 175.6
197904 147.1
197905 160.3
197906 135.2
197907 148.8
197908 151
197909 148.2
197910 182.2
197911 189.2
197912 183.1
198001 170
198002 158.4
198003 176.1
198004 156.2
198005 153.2
198006 117.9
198007 149.8
198008 156.6
198009 166.7
198010 156.8
198011 158.6
198012 210.8
198101 203.6
198102 175.2
198103 168.7
198104 155.9
198105 147.3
198106 137
198107 141.1
198108 167.4
198109 160.2
198110 191.9
198111 174.4
198112 208.2
198201 159.4
198202 161.1
198203 172.1
198204 158.4
198205 114.6
198206 159.6
198207 159.7
198208 159.4
198209 160.7
198210 165.5
198211 205
198212 205.2
198301 141.6
198302 148.1
198303 184.9
198304 132.5
198305 137.3
198306 135.5
198307 121.7
198308 166.1
198309 146.8
198310 162.8
198311 186.8
198312 185.5
198401 151.5
198402 158.1
198403 143
198404 151.2
198405 147.6
198406 130.7
198407 137.5
198408 146.1
198409 133.6
198410 167.9
198411 181.9
198412 202
198501 166.5
198502 151.3
198503 146.2
198504 148.3
198505 144.7
198506 123.6
198507 151.6
198508 133.9
198509 137.4
198510 181.6
198511 182
198512 190
198601 161.2
198602 155.5
198603 141.9
198604 164.6
198605 136.2
198606 126.8
198607 152.5
198608 126.6
198609 150.1
198610 186.3
198611 147.5
198612 200.4
198701 177.2
198702 127.4
198703 177.1
198704 154.4
198705 135.2
198706 126.4
198707 147.3
198708 140.6
198709 152.3
198710 151.2
198711 172.2
198712 215.3
198801 154.1
198802 159.3
198803 160.4
198804 151.9
198805 148.4
198806 139.6
198807 148.2
198808 153.5
198809 145.1
198810 183.7
198811 210.5
198812 203.3
198901 153.3
198902 144.3
198903 169.6
198904 143.7
198905 160.1
198906 135.6
198907 141.8
198908 159.9
198909 145.7
198910 183.5
198911 198.2
198912 186.8
199001 172
199002 150.6
199003 163.3
199004 153.7
199005 152.9
199006 135.5
199007 148.5
199008 148.4
199009 133.6
199010 194.1
199011 208.6
199012 197.3
199101 164.4
199102 148.1
199103 152
199104 144.1
199105 155
199106 124.5
199107 153
199108 146
199109 138
199110 190
199111 192
199112 192
199201 147
199202 133
199203 163
199204 150
199205 129
199206 131
199207 145
199208 137
199209 138
199210 168
199211 176
199212 188
199301 139
199302 143
199303 150
199304 154
199305 137
199306 129
199307 128
199308 140
199309 143
199310 151
199311 177
199312 184
199401 151
199402 134
199403 164
199404 126
199405 131
199406 125
199407 127
199408 143
199409 143
199410 160
199411 190
199412 182
199501 138
199502 136  
199503 152
199504 127
199505 151
199506 130
199507 119
199508 153
